format	well	type	row	row.num	col
384	352	1	P	16	22
384	351	1	O	15	22
384	350	1	N	14	22
384	349	1	M	13	22
384	348	1	L	12	22
384	347	1	K	11	22
384	346	1	J	10	22
384	345	1	I	9	22
384	344	1	H	8	22
384	343	1	G	7	22
384	342	1	F	6	22
384	341	1	E	5	22
384	340	1	D	4	22
384	339	1	C	3	22
384	338	1	B	2	22
384	337	1	A	1	22
384	336	1	P	16	21
384	335	1	O	15	21
384	334	1	N	14	21
384	333	1	M	13	21
384	332	1	L	12	21
384	331	1	K	11	21
384	330	1	J	10	21
384	329	1	I	9	21
384	328	1	H	8	21
384	327	1	G	7	21
384	326	1	F	6	21
384	325	1	E	5	21
384	324	1	D	4	21
384	323	1	C	3	21
384	322	1	B	2	21
384	321	1	A	1	21
384	320	1	P	16	20
384	319	1	O	15	20
384	318	1	N	14	20
384	317	1	M	13	20
384	316	1	L	12	20
384	315	1	K	11	20
384	314	1	J	10	20
384	313	1	I	9	20
384	312	1	H	8	20
384	311	1	G	7	20
384	310	1	F	6	20
384	309	1	E	5	20
384	308	1	D	4	20
384	307	1	C	3	20
384	306	1	B	2	20
384	305	1	A	1	20
384	304	1	P	16	19
384	303	1	O	15	19
384	302	1	N	14	19
384	301	1	M	13	19
384	300	1	L	12	19
384	299	1	K	11	19
384	298	1	J	10	19
384	297	1	I	9	19
384	296	1	H	8	19
384	295	1	G	7	19
384	294	1	F	6	19
384	293	1	E	5	19
384	292	1	D	4	19
384	291	1	C	3	19
384	290	1	B	2	19
384	289	1	A	1	19
384	288	1	P	16	18
384	287	1	O	15	18
384	286	1	N	14	18
384	285	1	M	13	18
384	284	1	L	12	18
384	283	1	K	11	18
384	282	1	J	10	18
384	281	1	I	9	18
384	280	1	H	8	18
384	279	1	G	7	18
384	278	1	F	6	18
384	277	1	E	5	18
384	276	1	D	4	18
384	275	1	C	3	18
384	274	1	B	2	18
384	273	1	A	1	18
384	272	1	P	16	17
384	271	1	O	15	17
384	270	1	N	14	17
384	269	1	M	13	17
384	268	1	L	12	17
384	267	1	K	11	17
384	266	1	J	10	17
384	265	1	I	9	17
384	264	1	H	8	17
384	263	1	G	7	17
384	262	1	F	6	17
384	261	1	E	5	17
384	260	1	D	4	17
384	259	1	C	3	17
384	258	1	B	2	17
384	257	1	A	1	17
384	256	1	P	16	16
384	255	1	O	15	16
384	254	1	N	14	16
384	253	1	M	13	16
384	252	1	L	12	16
384	251	1	K	11	16
384	250	1	J	10	16
384	249	1	I	9	16
384	248	1	H	8	16
384	247	1	G	7	16
384	246	1	F	6	16
384	245	1	E	5	16
384	244	1	D	4	16
384	243	1	C	3	16
384	242	1	B	2	16
384	241	1	A	1	16
384	240	1	P	16	15
384	239	1	O	15	15
384	238	1	N	14	15
384	237	1	M	13	15
384	236	1	L	12	15
384	235	1	K	11	15
384	234	1	J	10	15
384	233	1	I	9	15
384	232	1	H	8	15
384	231	1	G	7	15
384	230	1	F	6	15
384	229	1	E	5	15
384	228	1	D	4	15
384	227	1	C	3	15
384	226	1	B	2	15
384	225	1	A	1	15
384	224	1	P	16	14
384	223	1	O	15	14
384	222	1	N	14	14
384	221	1	M	13	14
384	220	1	L	12	14
384	219	1	K	11	14
384	218	1	J	10	14
384	217	1	I	9	14
384	216	1	H	8	14
384	215	1	G	7	14
384	214	1	F	6	14
384	213	1	E	5	14
384	212	1	D	4	14
384	211	1	C	3	14
384	210	1	B	2	14
384	209	1	A	1	14
384	208	1	P	16	13
384	207	1	O	15	13
384	206	1	N	14	13
384	205	1	M	13	13
384	204	1	L	12	13
384	203	1	K	11	13
384	202	1	J	10	13
384	201	1	I	9	13
384	200	1	H	8	13
384	199	1	G	7	13
384	198	1	F	6	13
384	197	1	E	5	13
384	196	1	D	4	13
384	195	1	C	3	13
384	194	1	B	2	13
384	193	1	A	1	13
384	192	1	P	16	12
384	191	1	O	15	12
384	190	1	N	14	12
384	189	1	M	13	12
384	188	1	L	12	12
384	187	1	K	11	12
384	186	1	J	10	12
384	185	1	I	9	12
384	184	1	H	8	12
384	183	1	G	7	12
384	182	1	F	6	12
384	181	1	E	5	12
384	180	1	D	4	12
384	179	1	C	3	12
384	178	1	B	2	12
384	177	1	A	1	12
384	176	1	P	16	11
384	175	1	O	15	11
384	174	1	N	14	11
384	173	1	M	13	11
384	172	1	L	12	11
384	171	1	K	11	11
384	170	1	J	10	11
384	169	1	I	9	11
384	168	1	H	8	11
384	167	1	G	7	11
384	166	1	F	6	11
384	165	1	E	5	11
384	164	1	D	4	11
384	163	1	C	3	11
384	162	1	B	2	11
384	161	1	A	1	11
384	160	1	P	16	10
384	159	1	O	15	10
384	158	1	N	14	10
384	157	1	M	13	10
384	156	1	L	12	10
384	155	1	K	11	10
384	154	1	J	10	10
384	153	1	I	9	10
384	152	1	H	8	10
384	151	1	G	7	10
384	150	1	F	6	10
384	149	1	E	5	10
384	148	1	D	4	10
384	147	1	C	3	10
384	146	1	B	2	10
384	145	1	A	1	10
384	144	1	P	16	9
384	143	1	O	15	9
384	142	1	N	14	9
384	141	1	M	13	9
384	140	1	L	12	9
384	139	1	K	11	9
384	138	1	J	10	9
384	137	1	I	9	9
384	136	1	H	8	9
384	135	1	G	7	9
384	134	1	F	6	9
384	133	1	E	5	9
384	132	1	D	4	9
384	131	1	C	3	9
384	130	1	B	2	9
384	129	1	A	1	9
384	128	1	P	16	8
384	127	1	O	15	8
384	126	1	N	14	8
384	125	1	M	13	8
384	124	1	L	12	8
384	123	1	K	11	8
384	122	1	J	10	8
384	121	1	I	9	8
384	120	1	H	8	8
384	119	1	G	7	8
384	118	1	F	6	8
384	117	1	E	5	8
384	116	1	D	4	8
384	115	1	C	3	8
384	114	1	B	2	8
384	113	1	A	1	8
384	112	1	P	16	7
384	111	1	O	15	7
384	110	1	N	14	7
384	109	1	M	13	7
384	108	1	L	12	7
384	107	1	K	11	7
384	106	1	J	10	7
384	105	1	I	9	7
384	104	1	H	8	7
384	103	1	G	7	7
384	102	1	F	6	7
384	101	1	E	5	7
384	100	1	D	4	7
384	99	1	C	3	7
384	98	1	B	2	7
384	97	1	A	1	7
384	96	1	P	16	6
384	95	1	O	15	6
384	94	1	N	14	6
384	93	1	M	13	6
384	92	1	L	12	6
384	91	1	K	11	6
384	90	1	J	10	6
384	89	1	I	9	6
384	88	1	H	8	6
384	87	1	G	7	6
384	86	1	F	6	6
384	85	1	E	5	6
384	84	1	D	4	6
384	83	1	C	3	6
384	82	1	B	2	6
384	81	1	A	1	6
384	80	1	P	16	5
384	79	1	O	15	5
384	78	1	N	14	5
384	77	1	M	13	5
384	76	1	L	12	5
384	75	1	K	11	5
384	74	1	J	10	5
384	73	1	I	9	5
384	72	1	H	8	5
384	71	1	G	7	5
384	70	1	F	6	5
384	69	1	E	5	5
384	68	1	D	4	5
384	67	1	C	3	5
384	66	1	B	2	5
384	65	1	A	1	5
384	64	1	P	16	4
384	63	1	O	15	4
384	62	1	N	14	4
384	61	1	M	13	4
384	60	1	L	12	4
384	59	1	K	11	4
384	58	1	J	10	4
384	57	1	I	9	4
384	56	1	H	8	4
384	55	1	G	7	4
384	54	1	F	6	4
384	53	1	E	5	4
384	52	1	D	4	4
384	51	1	C	3	4
384	50	1	B	2	4
384	49	1	A	1	4
384	48	1	P	16	3
384	47	1	O	15	3
384	46	1	N	14	3
384	45	1	M	13	3
384	44	1	L	12	3
384	43	1	K	11	3
384	384	4	P	16	24
384	383	4	O	15	24
384	382	3	N	14	24
384	381	3	M	13	24
384	380	2	L	12	24
384	379	2	K	11	24
384	378	2	J	10	24
384	377	2	I	9	24
384	376	1	H	8	24
384	375	1	G	7	24
384	374	1	F	6	24
384	373	1	E	5	24
384	372	1	D	4	24
384	371	1	C	3	24
384	370	1	B	2	24
384	369	1	A	1	24
384	368	4	P	16	23
384	367	4	O	15	23
384	366	3	N	14	23
384	365	3	M	13	23
384	364	2	L	12	23
384	363	2	K	11	23
384	362	2	J	10	23
384	361	2	I	9	23
384	360	1	H	8	23
384	359	1	G	7	23
384	358	1	F	6	23
384	357	1	E	5	23
384	356	1	D	4	23
384	355	1	C	3	23
384	354	1	B	2	23
384	353	1	A	1	23
384	42	1	J	10	3
384	41	1	I	9	3
384	40	1	H	8	3
384	39	1	G	7	3
384	38	1	F	6	3
384	37	1	E	5	3
384	36	1	D	4	3
384	35	1	C	3	3
384	34	1	B	2	3
384	33	1	A	1	3
384	32	1	P	16	2
384	31	1	O	15	2
384	30	1	N	14	2
384	29	1	M	13	2
384	28	1	L	12	2
384	27	1	K	11	2
384	26	1	J	10	2
384	25	1	I	9	2
384	24	1	H	8	2
384	23	1	G	7	2
384	22	1	F	6	2
384	21	1	E	5	2
384	20	1	D	4	2
384	19	1	C	3	2
384	18	1	B	2	2
384	17	1	A	1	2
384	16	1	P	16	1
384	15	1	O	15	1
384	14	1	N	14	1
384	13	1	M	13	1
384	12	1	L	12	1
384	11	1	K	11	1
384	10	1	J	10	1
384	9	1	I	9	1
384	8	1	H	8	1
384	7	1	G	7	1
384	6	1	F	6	1
384	5	1	E	5	1
384	4	1	D	4	1
384	3	1	C	3	1
384	2	1	B	2	1
384	1	1	A	1	1
